4 0.296387 0.269531 0.592773 0.509766
4 0.180664 0.107422 0.361328 0.185547
4 0.735352 0.541992 0.529297 0.916016
4 0.838867 0.487305 0.078125 0.173828
4 0.691895 0.142090 0.143555 0.116211
4 0.430664 0.457031 0.150391 0.113281
4 0.243164 0.421387 0.148438 0.041992
4 0.457031 0.107910 0.271484 0.184570
4 0.534668 0.835449 0.110352 0.131836
4 0.610352 0.489746 0.203125 0.063477
4 0.085449 0.947754 0.170898 0.104492
4 0.296875 0.628906 0.164062 0.152344
4 0.057617 0.615723 0.115234 0.344727
4 0.645020 0.177734 0.088867 0.037109
4 0.115723 0.462402 0.104492 0.124023
4 0.157227 0.028320 0.085938 0.056641
4 0.839844 0.649902 0.070312 0.032227
2 0.274414 0.495117 0.035156 0.039062
