4 0.893555 0.668945 0.187500 0.343750
4 0.085938 0.867676 0.171875 0.264648
4 0.932129 0.876953 0.135742 0.246094
4 0.161133 0.539551 0.322266 0.356445
4 0.899902 0.264160 0.200195 0.528320
4 0.554199 0.632813 0.106445 0.291016
4 0.593262 0.294434 0.813477 0.588867
4 0.559570 0.543457 0.095703 0.112305
4 0.235352 0.198242 0.123047 0.134766
4 0.907715 0.548340 0.159180 0.102539
4 0.327148 0.833496 0.349609 0.333008
4 0.896484 0.857910 0.054688 0.100586
4 0.426758 0.045898 0.044922 0.076172
4 0.586914 0.890625 0.177734 0.218750
4 0.376953 0.038574 0.117188 0.077148
4 0.781250 0.629883 0.074219 0.048828
4 0.897949 0.432617 0.083008 0.089844
