4 0.675781 0.460449 0.259766 0.278320
4 0.892090 0.150879 0.184570 0.301758
4 0.039063 0.086914 0.078125 0.173828
4 0.492188 0.299805 0.984375 0.599609
4 0.340820 0.500000 0.681641 1.000000
4 0.936523 0.524414 0.126953 0.150391
4 0.772949 0.660645 0.454102 0.678711
4 0.113281 0.881836 0.173828 0.236328
4 0.584961 0.807129 0.222656 0.385742
4 0.984375 0.215820 0.031250 0.044922
4 0.364746 0.179688 0.051758 0.027344
2 0.436035 0.805664 0.131836 0.076172
4 0.040039 0.249512 0.070312 0.032227
4 0.337402 0.018066 0.077148 0.036133
