4 0.321777 0.704590 0.643555 0.465820
4 0.100098 0.745605 0.200195 0.508789
4 0.045898 0.729492 0.091797 0.076172
4 0.898926 0.119629 0.202148 0.161133
4 0.408691 0.868652 0.391602 0.137695
4 0.487793 0.053711 0.102539 0.083984
4 0.375977 0.971680 0.050781 0.056641
4 0.710938 0.463379 0.144531 0.163086
4 0.165527 0.844238 0.069336 0.088867
2 0.878906 0.489746 0.242188 0.901367
4 0.451660 0.136719 0.086914 0.062500
2 0.307129 0.980957 0.090820 0.038086
2 0.036621 0.451660 0.073242 0.086914
4 0.101563 0.104492 0.058594 0.089844
4 0.978027 0.870117 0.043945 0.140625
2 0.175781 0.137695 0.072266 0.046875
