4 0.421387 0.917969 0.112305 0.164062
4 0.247559 0.899902 0.182617 0.200195
4 0.100098 0.119629 0.200195 0.161133
4 0.268555 0.323730 0.121094 0.165039
4 0.771484 0.043945 0.167969 0.087891
4 0.443359 0.100098 0.328125 0.200195
2 0.755859 0.840820 0.488281 0.318359
4 0.863281 0.233887 0.111328 0.129883
4 0.325684 0.500000 0.651367 1.000000
2 0.100098 0.489746 0.200195 0.901367
2 0.876953 0.801270 0.154297 0.170898
2 0.720215 0.174316 0.112305 0.141602
2 0.326172 0.403809 0.050781 0.059570
4 0.178223 0.870117 0.043945 0.140625
