4 0.585449 0.717773 0.196289 0.220703
4 0.765137 0.273437 0.290039 0.546875
4 0.854980 0.348145 0.110352 0.295898
4 0.446777 0.304688 0.307617 0.324219
4 0.144043 0.291992 0.288086 0.478516
4 0.898926 0.919434 0.202148 0.161133
4 0.216797 0.562988 0.115234 0.190430
4 0.913574 0.568848 0.172852 0.213867
4 0.487793 0.853516 0.102539 0.083984
4 0.388672 0.548340 0.125000 0.153320
4 0.173828 0.164551 0.052734 0.098633
4 0.112793 0.627441 0.086914 0.168945
4 0.731445 0.607422 0.085938 0.101563
4 0.836426 0.088867 0.073242 0.177734
4 0.128418 0.077148 0.143555 0.154297
4 0.451660 0.936523 0.086914 0.062500
4 0.101563 0.904297 0.058594 0.089844
4 0.291992 0.437500 0.082031 0.050781
4 0.520508 0.607422 0.044922 0.082031
2 0.790039 0.692871 0.068359 0.122070
2 0.175781 0.937500 0.072266 0.046875
2 0.244141 0.715332 0.060547 0.040039
