4 0.919922 0.201660 0.160156 0.403320
4 0.957031 0.525391 0.085938 0.330078
4 0.055176 0.273437 0.110352 0.546875
4 0.957031 0.487305 0.085937 0.201172
4 0.055176 0.348145 0.110352 0.295898
4 0.670898 0.525879 0.404297 0.467773
4 0.609863 0.174316 0.227539 0.315430
4 0.100098 0.919434 0.200195 0.161133
4 0.771484 0.825195 0.167969 0.125000
4 0.342285 0.300781 0.284180 0.601562
4 0.113770 0.568848 0.172852 0.213867
4 0.443359 0.795410 0.328125 0.409180
4 0.584473 0.108887 0.045898 0.106445
4 0.836426 0.396973 0.073242 0.209961
4 0.036621 0.088867 0.073242 0.177734
4 0.416992 0.555664 0.052734 0.142578
2 0.720215 0.951660 0.112305 0.096680
2 0.012207 0.692871 0.024414 0.122070
