4 0.512695 0.478027 0.314453 0.416992
4 0.093750 0.668945 0.187500 0.343750
4 0.438477 0.859863 0.220703 0.280273
4 0.132324 0.876953 0.135742 0.246094
4 0.346191 0.134277 0.141602 0.268555
4 0.385254 0.134277 0.278320 0.268555
4 0.700684 0.625977 0.129883 0.279297
4 0.422363 0.242187 0.118164 0.218750
4 0.754395 0.238281 0.215820 0.189453
4 0.117676 0.264160 0.235352 0.528320
4 0.733887 0.542969 0.063477 0.113281
4 0.791992 0.422852 0.107422 0.083984
4 0.459473 0.139648 0.094727 0.097656
4 0.107910 0.548340 0.159180 0.102539
4 0.637695 0.058105 0.134766 0.116211
4 0.579102 0.805664 0.095703 0.158203
4 0.810059 0.116699 0.086914 0.106445
4 0.096680 0.857910 0.054688 0.100586
4 0.964844 0.859375 0.070312 0.234375
4 0.884277 0.392090 0.065430 0.081055
2 0.265137 0.750977 0.053711 0.039062
4 0.098145 0.432617 0.083008 0.089844
4 0.782715 0.974609 0.049805 0.050781
