4 0.735352 0.299805 0.529297 0.599609
4 0.838867 0.086914 0.078125 0.173828
4 0.100098 0.714844 0.200195 0.439453
4 0.430664 0.056641 0.150391 0.113281
4 0.913086 0.881836 0.173828 0.236328
4 0.243164 0.020996 0.148438 0.041992
4 0.534668 0.435059 0.110352 0.131836
4 0.610352 0.089355 0.203125 0.063477
4 0.085449 0.547363 0.170898 0.104492
4 0.296875 0.228516 0.164062 0.152344
4 0.057617 0.215332 0.115234 0.344727
4 0.115723 0.062012 0.104492 0.124023
4 0.839844 0.249512 0.070312 0.032227
2 0.274414 0.094727 0.035156 0.039062
