4 0.100098 0.541992 0.200195 0.916016
4 0.675781 0.860840 0.259766 0.278320
4 0.892090 0.528809 0.184570 0.346680
4 0.039063 0.487305 0.078125 0.173828
4 0.492188 0.500000 0.984375 1.000000
4 0.340820 0.700195 0.681641 0.599609
4 0.936523 0.924805 0.126953 0.150391
4 0.772949 0.860840 0.454102 0.278320
4 0.845703 0.037598 0.091797 0.075195
4 0.852539 0.224609 0.105469 0.189453
4 0.984375 0.616211 0.031250 0.044922
4 0.933594 0.196777 0.132812 0.040039
4 0.942383 0.149902 0.115234 0.100586
4 0.364746 0.580078 0.051758 0.027344
2 0.218262 0.045898 0.086914 0.091797
4 0.218262 0.045898 0.086914 0.091797
4 0.040039 0.649902 0.070312 0.032227
4 0.337402 0.418457 0.077148 0.036133
4 0.815918 0.165039 0.032227 0.070312
