4 0.769531 0.100098 0.460938 0.200195
4 0.124512 0.100098 0.249023 0.200195
4 0.161133 0.880859 0.322266 0.238281
4 0.747559 0.121582 0.186523 0.243164
4 0.165039 0.259766 0.330078 0.519531
4 0.899902 0.664551 0.200195 0.528320
4 0.554199 0.943848 0.106445 0.112305
4 0.464355 0.012207 0.028320 0.024414
4 0.593262 0.555664 0.813477 0.867188
4 0.559570 0.943848 0.095703 0.112305
4 0.235352 0.598633 0.123047 0.134766
4 0.907715 0.948730 0.159180 0.102539
4 0.658691 0.060547 0.065430 0.121094
4 0.965332 0.044434 0.069336 0.088867
4 0.422363 0.161133 0.153320 0.078125
4 0.426758 0.446289 0.044922 0.076172
4 0.376953 0.438965 0.117188 0.077148
4 0.897949 0.833008 0.083008 0.089844
