4 0.512695 0.834961 0.314453 0.330078
4 0.346191 0.534668 0.141602 0.268555
4 0.385254 0.449219 0.278320 0.439453
4 0.700684 0.943359 0.129883 0.113281
4 0.422363 0.642578 0.118164 0.218750
4 0.754395 0.638672 0.215820 0.189453
4 0.323242 0.273926 0.136719 0.104492
4 0.117676 0.664551 0.235352 0.528320
4 0.733887 0.943359 0.063477 0.113281
4 0.698242 0.270508 0.283203 0.130859
4 0.791992 0.823242 0.107422 0.083984
4 0.459473 0.540039 0.094727 0.097656
4 0.408691 0.068848 0.391602 0.137695
4 0.375977 0.187988 0.050781 0.088867
4 0.107910 0.948730 0.159180 0.102539
4 0.637695 0.458496 0.134766 0.116211
4 0.810059 0.517090 0.086914 0.106445
4 0.165527 0.044434 0.069336 0.088867
2 0.307129 0.187012 0.090820 0.049805
4 0.884277 0.792480 0.065430 0.081055
4 0.098145 0.833008 0.083008 0.089844
4 0.978027 0.070312 0.043945 0.140625
