4 0.079102 0.529785 0.158203 0.221680
4 0.671387 0.313477 0.145508 0.173828
4 0.769531 0.745605 0.460938 0.508789
4 0.124512 0.788086 0.249023 0.423828
4 0.845703 0.729492 0.091797 0.076172
4 0.747559 0.899902 0.186523 0.200195
4 0.165039 0.899902 0.330078 0.200195
4 0.090332 0.222168 0.180664 0.108398
4 0.435059 0.708008 0.104492 0.082031
4 0.093750 0.389648 0.187500 0.105469
4 0.464355 0.789551 0.028320 0.069336
4 0.350098 0.031738 0.114258 0.063477
4 0.331055 0.094727 0.113281 0.070312
4 0.658691 0.860352 0.065430 0.121094
4 0.372070 0.388184 0.130859 0.063477
4 0.723145 0.414063 0.141602 0.142578
4 0.965332 0.844238 0.069336 0.088867
4 0.501465 0.712891 0.067383 0.080078
4 0.047852 0.083496 0.095703 0.055664
4 0.556641 0.095703 0.113281 0.046875
4 0.362793 0.297363 0.258789 0.098633
4 0.605957 0.026855 0.133789 0.053711
2 0.375000 0.554688 0.113281 0.140625
4 0.422363 0.960937 0.153320 0.078125
2 0.822266 0.451660 0.101562 0.086914
2 0.454102 0.053711 0.070312 0.037109
4 0.293457 0.046875 0.073242 0.037109
4 0.901367 0.104492 0.058594 0.089844
2 0.969727 0.137695 0.060547 0.046875
