4 0.899902 0.291992 0.200195 0.478516
4 0.500000 0.431641 1.000000 0.863281
4 0.979492 0.562988 0.041016 0.190430
4 0.350098 0.831543 0.114258 0.063477
4 0.331055 0.894531 0.113281 0.070312
4 0.973633 0.164551 0.052734 0.098633
4 0.912598 0.627441 0.086914 0.168945
4 0.041016 0.130859 0.082031 0.261719
4 0.047852 0.883301 0.095703 0.055664
4 0.556641 0.895508 0.113281 0.046875
4 0.058594 0.379395 0.117188 0.182617
4 0.928223 0.077148 0.143555 0.154297
4 0.605957 0.816895 0.133789 0.073242
2 0.454102 0.853516 0.070312 0.037109
4 0.293457 0.846680 0.073242 0.037109
4 0.901367 0.904297 0.058594 0.089844
4 0.700195 0.655762 0.031250 0.057617
2 0.969727 0.937500 0.060547 0.046875
