4 0.70922852 0.78011068 0.08544922 0.17285156
4 0.50524902 0.57259115 0.02807617 0.05468750
4 0.46179199 0.58707682 0.04565430 0.10774740
4 0.32812500 0.82600911 0.07861328 0.13899740
4 0.22338867 0.88964844 0.04687500 0.11458333
4 0.34631348 0.23925781 0.04907227 0.07356771
4 0.02148438 0.95589193 0.04296875 0.08821615
4 0.30957031 0.95328776 0.05517578 0.09342448
4 0.01977539 0.44319661 0.03955078 0.07389323
4 0.63708496 0.06722005 0.05444336 0.13444010
4 0.28039551 0.50146484 0.16088867 0.15527344
4 0.65783691 0.17513021 0.05883789 0.11002604
4 0.63928223 0.71484375 0.07885742 0.09635417
4 0.16784668 0.37109375 0.03637695 0.05794271
4 0.23303223 0.95898438 0.03393555 0.08203125
4 0.39123535 0.09114583 0.07250977 0.18229167
4 0.63916016 0.16243490 0.02148438 0.06705729
4 0.41369629 0.11604818 0.02758789 0.09863281
4 0.19238281 0.51513672 0.11523438 0.16959635
4 0.28649902 0.71142578 0.03540039 0.08951823
4 0.56762695 0.17529297 0.10107422 0.15592448
4 0.03112793 0.52929688 0.06225586 0.14127604
4 0.31164551 0.10156250 0.07690430 0.10807292
4 0.04028320 0.84651693 0.08056641 0.11881510
4 0.29626465 0.68294271 0.06958008 0.14648438
4 0.23596191 0.09733073 0.07202148 0.15950521
4 0.37512207 0.87532552 0.03247070 0.09309896
4 0.30554199 0.74739583 0.02954102 0.07291667
4 0.21142578 0.50976562 0.02294922 0.02539062
4 0.55236816 0.05810547 0.05688477 0.10514323
4 0.12500000 0.14388021 0.25000000 0.28776042
4 0.18688965 0.57373047 0.04663086 0.08105469
4 0.04125977 0.61979167 0.08251953 0.17317708
4 0.42468262 0.30647786 0.05053711 0.05371094
4 0.25415039 0.18766276 0.02880859 0.06347656
4 0.46704102 0.37451172 0.03027344 0.05501302
4 0.59277344 0.27506510 0.04199219 0.04166667
4 0.02258301 0.34065755 0.04516602 0.03613281
4 0.10876465 0.50260417 0.02612305 0.02734375
4 0.48547363 0.10026042 0.07104492 0.20052083
4 0.38854980 0.74609375 0.05395508 0.06315104
4 0.51464844 0.95898438 0.02294922 0.08203125
4 0.28076172 0.62451172 0.03417969 0.03483073
4 0.42834473 0.18961589 0.04321289 0.07128906
4 0.22937012 0.75472005 0.05883789 0.17610677
4 0.13854980 0.87760417 0.02661133 0.09700521
4 0.56054688 0.93538411 0.02832031 0.05371094
4 0.55163574 0.78011068 0.19653320 0.22688802
4 0.51074219 0.26513672 0.08203125 0.13639323
4 0.76794434 0.16666667 0.16381836 0.33333333
4 0.38342285 0.84765625 0.01586914 0.03776042
2 0.58886719 0.54687500 0.12207031 0.10611979
4 0.37451172 0.62337240 0.07080078 0.04361979
4 0.39794922 0.80761719 0.02685547 0.02799479
4 0.02343750 0.39648438 0.04687500 0.03515625
4 0.54602051 0.03629557 0.01147461 0.03548177
4 0.11608887 0.52978516 0.00708008 0.02311198
4 0.31481934 0.71321615 0.02368164 0.03255208
4 0.87500000 0.16666667 0.25000000 0.33333333
4 0.30212402 0.55615234 0.09790039 0.04589844
4 0.32189941 0.28450521 0.02563477 0.02799479
4 0.53845215 0.90966797 0.02856445 0.05110677
2 0.83044434 0.43326823 0.16088867 0.33333333
4 0.08752441 0.27718099 0.02856445 0.02115885
4 0.89501953 0.81315104 0.12597656 0.10677083
4 0.29711914 0.18277995 0.03125000 0.05110677
4 0.14831543 0.71842448 0.20336914 0.28906250
4 0.08276367 0.29817708 0.02832031 0.02343750
4 0.97741699 0.55354818 0.04516602 0.04069010
4 0.13989258 0.84781901 0.02392578 0.03743490
4 0.24340820 0.05485026 0.01318359 0.03287760
4 0.61572266 0.34456380 0.02783203 0.04329427
4 0.29394531 0.59586589 0.01269531 0.02962240
4 0.93994141 0.42399089 0.12011719 0.31477865
4 0.05883789 0.73274740 0.03076172 0.04492188
4 0.22692871 0.84944661 0.03979492 0.03417969
4 0.22814941 0.20914714 0.02172852 0.05631510
4 0.16467285 0.55338542 0.01635742 0.04036458
4 0.35937500 0.68603516 0.03369141 0.03873698
4 0.60900879 0.13232422 0.01831055 0.06998698
4 0.01025391 0.04361979 0.02050781 0.08723958
2 0.79357910 0.83333333 0.11254883 0.33333333
4 0.34472656 0.93522135 0.02392578 0.05273438
4 0.40246582 0.70556641 0.02172852 0.03548177
4 0.09301758 0.39599609 0.03271484 0.02115885
4 0.18078613 0.40462240 0.03540039 0.04752604
4 0.37768555 0.42106120 0.03613281 0.05436198
4 0.24133301 0.54801432 0.01733398 0.02962240
4 0.12536621 0.50423177 0.01684570 0.02669271
4 0.48132324 0.43326823 0.16284180 0.33333333
4 0.08178711 0.94449870 0.08740234 0.11100260
4 0.01196289 0.29443359 0.02392578 0.01855469
2 0.41967773 0.42985026 0.06054688 0.30045573
4 0.13916016 0.29850260 0.02832031 0.01562500
4 0.97558594 0.60904948 0.04882812 0.07942708
2 0.72485352 0.43326823 0.25000000 0.33333333
4 0.38281250 0.20247396 0.02148438 0.03385417
4 0.48522949 0.63997396 0.01782227 0.01302083
4 0.09069824 0.36572266 0.06469727 0.03287760
4 0.40905762 0.02962240 0.01831055 0.05924479
4 0.01464844 0.12646484 0.02929688 0.06087240
4 0.23205566 0.02571615 0.03588867 0.05143229
4 0.22412109 0.95263672 0.01367188 0.03352865
4 0.15148926 0.27229818 0.03344727 0.02441406
4 0.44470215 0.95312500 0.02465820 0.07812500
2 0.09375000 0.45149740 0.02832031 0.04687500
4 0.31286621 0.31217448 0.02172852 0.02083333
2 0.27673340 0.59554036 0.02270508 0.01660156
4 0.47265625 0.90966797 0.04296875 0.06477865
4 0.97558594 0.58463542 0.04882812 0.03059896
4 0.42102051 0.79736328 0.01635742 0.02701823
4 0.72485352 0.69986979 0.25000000 0.33333333
4 0.66149902 0.29296875 0.06469727 0.08072917
2 0.61914062 0.53369141 0.03857422 0.05696615
2 0.26623535 0.91699219 0.01342773 0.01302083
4 0.10559082 0.58691406 0.03833008 0.02604167
4 0.50415039 0.18522135 0.01318359 0.04752604
2 0.57995605 0.32470703 0.02807617 0.04720052
2 0.48144531 0.40120443 0.01269531 0.01985677
4 0.10668945 0.68196615 0.01123047 0.02539062
2 0.20556641 0.41715495 0.02539062 0.02897135
2 0.73925781 0.54101562 0.02148438 0.01562500
4 0.94213867 0.55729167 0.04833984 0.04817708
4 0.14672852 0.96354167 0.04443359 0.07291667
4 0.84094238 0.78841146 0.01782227 0.05729167
4 0.09423828 0.67952474 0.02929688 0.02571615
4 0.59350586 0.76367188 0.01220703 0.01953125
4 0.19531250 0.87662760 0.01855469 0.01627604
4 0.22448730 0.81087240 0.02075195 0.02994792
2 0.11352539 0.28450521 0.01757812 0.01236979
4 0.07336426 0.28222656 0.01831055 0.01236979
4 0.22534180 0.30143229 0.01464844 0.02994792
4 0.39562988 0.99153646 0.01245117 0.01692708
4 0.27294922 0.14583333 0.02050781 0.01692708
4 0.44445801 0.55664062 0.01098633 0.04687500
4 0.33007812 0.20247396 0.01123047 0.02734375
4 0.17504883 0.21858724 0.00781250 0.01920573
2 0.39746094 0.23095703 0.01708984 0.04069010
2 0.24389648 0.31250000 0.01806641 0.01562500
2 0.26098633 0.23844401 0.01513672 0.01334635
