4 0.27404785 0.62304688 0.14819336 0.16992188
4 0.24511719 0.56901042 0.09033203 0.06184896
4 0.38378906 0.71386719 0.13232422 0.30533854
4 0.56884766 0.82014974 0.06494141 0.09277344
4 0.78149414 0.43326823 0.13671875 0.33333333
4 0.53479004 0.43326823 0.23022461 0.33333333
4 0.11437988 0.79134115 0.22875977 0.24934896
4 0.62292480 0.70947266 0.04614258 0.11555990
4 0.40966797 0.69563802 0.01953125 0.05794271
4 0.73327637 0.69986979 0.23315430 0.33333333
4 0.04760742 0.91276042 0.09521484 0.17447917
4 0.52294922 0.69986979 0.24609375 0.33333333
4 0.42797852 0.20540365 0.05615234 0.09440104
4 0.48510742 0.83333333 0.17041016 0.33333333
4 0.35815430 0.23811849 0.02832031 0.06542969
4 0.46130371 0.08121745 0.06469727 0.11621094
4 0.63403320 0.84147135 0.03173828 0.05013021
4 0.68188477 0.44807943 0.16406250 0.30371094
4 0.21203613 0.90494792 0.07592773 0.14648438
4 0.59313965 0.88688151 0.11352539 0.22623698
4 0.37292480 0.58056641 0.03588867 0.03873698
4 0.30761719 0.68554688 0.03759766 0.03776042
4 0.55236816 0.16666667 0.19506836 0.33333333
4 0.42822266 0.96061198 0.04345703 0.07877604
4 0.43481445 0.42643229 0.03027344 0.02604167
4 0.30725098 0.16666667 0.21459961 0.33333333
4 0.26074219 0.67366536 0.03710938 0.01399740
4 0.31420898 0.56917318 0.06787109 0.06152344
4 0.33361816 0.81168620 0.02758789 0.04394531
4 0.54614258 0.93570964 0.05566406 0.12858073
4 0.35253906 0.69645182 0.05078125 0.02115885
4 0.61132812 0.54573568 0.02294922 0.02506510
4 0.43945312 0.05582682 0.02099609 0.06542969
4 0.22021484 0.84912109 0.04492188 0.03483073
4 0.69628906 0.36718750 0.04638672 0.04361979
4 0.61303711 0.60807292 0.02636719 0.06315104
4 0.27416992 0.74283854 0.04101562 0.05078125
4 0.21435547 0.73844401 0.02880859 0.11490885
4 0.63049316 0.11897786 0.03881836 0.05761719
4 0.78918457 0.46875000 0.01733398 0.03971354
4 0.36120605 0.59244792 0.02221680 0.01236979
4 0.65319824 0.73860677 0.02221680 0.01497396
4 0.41308594 0.01041667 0.01708984 0.02083333
4 0.63330078 0.59879557 0.03320312 0.01334635
4 0.64306641 0.58317057 0.04394531 0.03352865
4 0.43969727 0.15234375 0.04492188 0.04492188
4 0.74047852 0.55436198 0.03906250 0.04231771
2 0.63732910 0.11897786 0.05249023 0.05761719
2 0.10278320 0.83772786 0.03955078 0.06933594
4 0.02148438 0.91959635 0.02441406 0.01757812
4 0.22888184 0.68733724 0.02612305 0.04134115
4 0.31860352 0.46695964 0.01220703 0.02506510
4 0.22448730 0.17594401 0.02807617 0.02246094
4 0.68542480 0.15201823 0.17114258 0.30403646
4 0.23925781 0.54264323 0.02148438 0.01888021
4 0.12207031 0.96158854 0.05957031 0.07682292
4 0.79260254 0.16666667 0.11450195 0.33333333
4 0.49108887 0.72656250 0.01293945 0.00911458
4 0.39575195 0.01236979 0.02441406 0.02473958
4 0.47058105 0.02327474 0.06420898 0.04654948
2 0.45446777 0.54248047 0.02172852 0.04264323
2 0.50891113 0.93522135 0.03295898 0.02539062
4 0.45446777 0.54850260 0.02172852 0.03059896
4 0.75524902 0.02018229 0.02221680 0.04036458
4 0.48986816 0.27799479 0.02465820 0.02278646
4 0.40991211 0.74983724 0.01757812 0.01074219
0 0.18920898 0.89469401 0.02392578 0.02050781
4 0.66967773 0.28531901 0.02392578 0.03743490
4 0.60766602 0.09098307 0.01562500 0.03548177
4 0.49255371 0.45638021 0.00756836 0.01822917
4 0.48425293 0.67268880 0.01928711 0.01204427
4 0.85278320 0.49820964 0.02587891 0.03417969
2 0.07299805 0.78076172 0.02929688 0.01985677
2 0.26855469 0.69824219 0.00878906 0.01302083
4 0.47680664 0.37434896 0.01513672 0.03255208
0 0.08654785 0.75244141 0.02514648 0.02050781
4 0.24316406 0.16975911 0.01367188 0.03222656
4 0.64013672 0.31477865 0.01025391 0.03710938
4 0.60388184 0.58821615 0.00805664 0.02343750
