4 0.77514648 0.42854818 0.14941406 0.32389323
4 0.87500000 0.83333333 0.25000000 0.33333333
4 0.77990723 0.70491536 0.13989258 0.07649740
4 0.92053223 0.16666667 0.15893555 0.33333333
4 0.82385254 0.89973958 0.05200195 0.20052083
4 0.72277832 0.05013021 0.13842773 0.10026042
4 0.97106934 0.64013672 0.05786133 0.21386719
4 0.93347168 0.43326823 0.13305664 0.33333333
4 0.83654785 0.74707031 0.02661133 0.10286458
4 0.72778320 0.76855469 0.11669922 0.07552083
4 0.51660156 0.30159505 0.04003906 0.06347656
2 0.18994141 0.54361979 0.03808594 0.03971354
4 0.79687500 0.56184896 0.07519531 0.05729167
4 0.01635742 0.98616536 0.03271484 0.02766927
4 0.04370117 0.01318359 0.06933594 0.02636719
4 0.20520020 0.55468750 0.01977539 0.04296875
4 0.77099609 0.04410807 0.04199219 0.08365885
2 0.22265625 0.53808594 0.05468750 0.07617188
2 0.63378906 0.05680339 0.04150391 0.08561198
2 0.42626953 0.93733724 0.04736328 0.12532552
2 0.73071289 0.12646484 0.01806641 0.03678385
4 0.72180176 0.83268229 0.09985352 0.05729167
2 0.84680176 0.15299479 0.04614258 0.02864583
1 0.66467285 0.83333333 0.12963867 0.33333333
1 0.33715820 0.45947266 0.22558594 0.28092448
4 0.80651855 0.84667969 0.03735352 0.01953125
4 0.62219238 0.25781250 0.05541992 0.02604167
2 0.01953125 0.66699219 0.03906250 0.03580729
4 0.07910156 0.06884766 0.15820312 0.13769531
2 0.70581055 0.18815104 0.02001953 0.05208333
1 0.72485352 0.69986979 0.25000000 0.33333333
2 0.06286621 0.22900391 0.05004883 0.02180990
4 0.75793457 0.15169271 0.01586914 0.06510417
2 0.83679199 0.83300781 0.02612305 0.06705729
4 0.76086426 0.84342448 0.02172852 0.03580729
2 0.44958496 0.01416016 0.01879883 0.02832031
2 0.77294922 0.90901693 0.04101562 0.03287760
2 0.01928711 0.54622396 0.03857422 0.02604167
2 0.62658691 0.25651042 0.05346680 0.02864583
2 0.81469727 0.29964193 0.07031250 0.06738281
4 0.76806641 0.75292969 0.03613281 0.04231771
1 0.12500000 0.26350911 0.25000000 0.13964844
2 0.02465820 0.87548828 0.04931641 0.03222656
2 0.75793457 0.15169271 0.01586914 0.06510417
1 0.30126953 0.22558594 0.20263672 0.21549479
4 0.93786621 0.76529948 0.04223633 0.03320312
2 0.75988770 0.70345052 0.01977539 0.03190104
1 0.46520996 0.42431641 0.13061523 0.14811198
4 0.98083496 0.70686849 0.03833008 0.08040365
2 0.13757324 0.13444010 0.10766602 0.07356771
4 0.75170898 0.55371094 0.01220703 0.04101562
1 0.40539551 0.76839193 0.08911133 0.20345052
