4 0.70568848 0.14046224 0.21166992 0.21972656
4 0.81335449 0.34082031 0.12670898 0.14843750
4 0.48645020 0.53320312 0.10620117 0.13346354
4 0.72546387 0.59733073 0.18090820 0.12825521
4 0.80859375 0.50309245 0.11718750 0.19368490
4 0.06396484 0.94368490 0.11425781 0.11263021
4 0.22216797 0.85107422 0.04296875 0.03938802
4 0.42944336 0.94628906 0.03271484 0.07747396
4 0.25708008 0.42089844 0.02343750 0.03580729
4 0.79992676 0.27457682 0.09985352 0.11751302
4 0.39208984 0.92301432 0.03466797 0.07975260
4 0.34973145 0.01627604 0.08227539 0.03255208
4 0.78076172 0.10742188 0.06152344 0.15364583
2 0.65148926 0.04182943 0.04467773 0.08365885
2 0.62829590 0.44645182 0.04321289 0.10514323
4 0.79504395 0.22037760 0.04956055 0.07682292
2 0.39880371 0.14550781 0.04565430 0.03059896
4 0.78295898 0.58919271 0.06591797 0.11197917
2 0.22961426 0.84895833 0.02807617 0.03515625
2 0.02587891 0.75846354 0.04833984 0.03190104
2 0.22583008 0.04524740 0.05175781 0.09049479
2 0.55725098 0.55436198 0.07299805 0.09114583
4 0.89135742 0.10058594 0.21728516 0.20117188
3 0.79833984 0.70751953 0.09667969 0.08170573
4 0.29870605 0.97851562 0.09399414 0.04296875
4 0.68066406 0.39534505 0.16162109 0.22819010
3 0.48815918 0.60481771 0.10961914 0.14322917
2 0.17224121 0.86083984 0.02612305 0.01334635
2 0.63110352 0.73942057 0.03759766 0.09342448
2 0.22290039 0.30712891 0.04589844 0.08105469
2 0.97900391 0.70914714 0.04199219 0.05631510
3 0.57128906 0.21207682 0.15722656 0.14615885
2 0.63024902 0.31298828 0.03930664 0.04069010
3 0.80676270 0.89794922 0.08618164 0.19042969
4 0.87500000 0.25520833 0.25000000 0.15625000
2 0.16259766 0.75472005 0.07128906 0.05631510
2 0.54284668 0.92985026 0.21411133 0.14029948
